<?xml version="1.0"?>
<opencv_storage>
<calibration_Time>"Thu Oct 17 16:54:45 2013"</calibration_Time>
<nrOfFrames>25</nrOfFrames>
<image_Width>640</image_Width>
<image_Height>480</image_Height>
<board_Width>9</board_Width>
<board_Height>6</board_Height>
<square_Size>50.</square_Size>
<FixAspectRatio>1.</FixAspectRatio>
<!-- flags:  +fix_aspectRatio +fix_principal_point +zero_tangent_dist -->
<flagValue>14</flagValue>
<Camera_Matrix type_id="opencv-matrix">
  <rows>3</rows>
  <cols>3</cols>
  <dt>d</dt>
  <data>
    9.6996608707039866e+02 0. 3.1950000000000000e+02 0.
    9.6996608707039866e+02 2.3950000000000000e+02 0. 0. 1.</data></Camera_Matrix>
<Distortion_Coefficients type_id="opencv-matrix">
  <rows>5</rows>
  <cols>1</cols>
  <dt>d</dt>
  <data>
    -1.6212576278682819e-01 1.1008888300492410e+00 0. 0.
    -1.6051756856622969e+01</data></Distortion_Coefficients>
<Avg_Reprojection_Error>6.3498034541634718e-01</Avg_Reprojection_Error>
<Per_View_Reprojection_Errors type_id="opencv-matrix">
  <rows>25</rows>
  <cols>1</cols>
  <dt>f</dt>
  <data>
    3.38101178e-01 3.91560644e-01 3.03846061e-01 3.13066542e-01
    2.97117472e-01 3.08465958e-01 6.64183557e-01 8.82810116e-01
    9.42571700e-01 1.03385878e+00 1.03773427e+00 8.62288654e-01
    8.32508147e-01 7.52058685e-01 6.56966925e-01 6.73013449e-01
    6.31347060e-01 5.08605719e-01 5.13429403e-01 5.15831351e-01
    4.62575078e-01 4.82973933e-01 5.22355378e-01 4.35270667e-01
    4.47919726e-01</data></Per_View_Reprojection_Errors>
<!-- a set of 6-tuples (rotation vector + translation vector) for each view -->
<Extrinsic_Parameters type_id="opencv-matrix">
  <rows>25</rows>
  <cols>6</cols>
  <dt>d</dt>
  <data>
    -1.4450937191282506e-01 -1.5499282665817333e-02
    3.0614763838948642e+00 1.2286632060397029e+02 1.9058219678285755e+02
    1.4070132298602525e+03 -1.3674759749222193e-01
    1.0691780043438870e-01 3.0362037951300551e+00 1.2049203491207285e+02
    1.1412443125482478e+02 1.3940720840172532e+03
    -3.3583132138769282e-02 1.5929142093691717e-01
    3.1191004426244957e+00 1.2187074452216309e+02 4.9726886662182523e+01
    1.3752381357367924e+03 -6.1899629201853337e-02
    1.7579769679772234e-01 3.1301521163294490e+00 1.2631605112954988e+02
    8.0017659259554534e+01 1.3721267290616702e+03
    -7.9387195732820479e-02 1.6657950115849054e-01
    3.1126579759242627e+00 1.4034406448558869e+02 8.2547719109294235e+01
    1.3664095321605569e+03 -8.5499640989514791e-02
    1.7502973307776115e-01 3.0877844589049022e+00 1.5050633983530639e+02
    7.9490906294952381e+01 1.3641354947951374e+03 8.2526952244823454e-02
    -4.3803734347633738e-02 1.8753545177602167e+00
    1.6523935672020346e+02 -1.6368418898447527e+02
    1.3503452652716087e+03 4.9633917824595045e-02
    -1.5835784417911655e-01 1.6646094618942864e+00
    1.2620563207246256e+02 -1.7581495963904501e+02
    1.3621517213714430e+03 8.5912589912227708e-02
    -1.2725924755033258e-01 1.5023726481466775e+00
    7.9358402486459212e+01 -1.9261074724892271e+02
    1.3650545149760628e+03 9.0855195667016497e-02
    -1.3385636614844676e-01 1.5288196392970732e+00
    8.5946274241346657e+01 -1.8005471096305325e+02
    1.3700208325180197e+03 7.8156759123078193e-02
    -1.3802781879199058e-01 1.5538706078279578e+00
    8.1720208485397080e+01 -1.8238521535522236e+02
    1.3799636822942837e+03 4.4760000323692130e-02
    -1.5936022751816989e-01 1.6272213052830653e+00
    9.6169006237496362e+01 -1.7345967437262098e+02
    1.3848562768499276e+03 4.0067243483362096e-02
    -1.3261905721351053e-01 1.7210413799570150e+00
    1.1048023127026330e+02 -1.5706637174050121e+02
    1.3824700367907733e+03 4.0442859337569567e-02
    -1.1660452999236715e-01 1.7935150272055489e+00
    1.1986294500594772e+02 -1.4445749205374014e+02
    1.3795395270206143e+03 4.5308016390022417e-02
    -7.9892107762965195e-02 1.9197666636825335e+00
    1.3590956302005793e+02 -1.2716610684554320e+02
    1.3749797640793681e+03 5.9369620852664562e-02
    -4.2397526154366219e-02 2.0024351537917400e+00
    1.4548328679865639e+02 -1.1930008531799601e+02
    1.3714136056130037e+03 5.2048319484327088e-02
    -4.3102763403903475e-02 2.0420862079466118e+00
    1.4960440964073206e+02 -1.1491686012764544e+02
    1.3735946438911478e+03 3.4371299667848153e-02
    -4.1039247224792248e-02 2.1641115993031805e+00
    1.5832004587267744e+02 -1.0171239923877137e+02
    1.3760988892959492e+03 3.7377963927924890e-02
    -2.0819800614989815e-02 2.2050792610119401e+00
    1.6070825743861639e+02 -9.6112127360397082e+01
    1.3737573379610888e+03 3.9126578575475635e-02
    -1.2298281812817533e-02 2.2480471825456760e+00
    1.6287279793005033e+02 -8.9403267786425687e+01
    1.3724267040965260e+03 4.1069088945285999e-02
    -2.8684676473877541e-03 2.3424340853847503e+00
    1.6483752400995928e+02 -7.3330214620599392e+01
    1.3696198873277851e+03 4.4978185224335901e-02 1.4069520887788036e-02
    2.3904793772316122e+00 1.6523463886996549e+02
    -6.4781065327855501e+01 1.3673891684051646e+03
    4.3678968518119178e-02 4.0188325286084729e-02 2.4986519412444985e+00
    1.6411211487024926e+02 -4.2368382631872954e+01
    1.3640546493354104e+03 3.0064138760065511e-02 4.1668959982405510e-02
    2.6056970631303522e+00 1.5849387791804776e+02
    -2.3193093584764373e+01 1.3668615319787525e+03
    1.6759634140790479e-02 2.9487830676502177e-02 2.7393125319878204e+00
    1.5150837271575671e+02 3.4051203164247096e-01 1.3712278593783437e+03</data></Extrinsic_Parameters>
