<?xml version="1.0"?>
<opencv_storage>
<calibration_Time>"Thu Oct 24 16:22:21 2013"</calibration_Time>
<nrOfFrames>25</nrOfFrames>
<image_Width>640</image_Width>
<image_Height>480</image_Height>
<board_Width>9</board_Width>
<board_Height>6</board_Height>
<square_Size>50.</square_Size>
<FixAspectRatio>1.</FixAspectRatio>
<!-- flags:  +fix_aspectRatio +fix_principal_point +zero_tangent_dist -->
<flagValue>14</flagValue>
<Camera_Matrix type_id="opencv-matrix">
  <rows>3</rows>
  <cols>3</cols>
  <dt>d</dt>
  <data>
    1.3050785458839414e+03 0. 3.1950000000000000e+02 0.
    1.3050785458839414e+03 2.3950000000000000e+02 0. 0. 1.</data></Camera_Matrix>
<Distortion_Coefficients type_id="opencv-matrix">
  <rows>5</rows>
  <cols>1</cols>
  <dt>d</dt>
  <data>
    -1.0680079109380336e+00 3.0278109499535638e+01 0. 0.
    -5.6393959261678526e+02</data></Distortion_Coefficients>
<Avg_Reprojection_Error>5.1469935287473179e-01</Avg_Reprojection_Error>
<Per_View_Reprojection_Errors type_id="opencv-matrix">
  <rows>25</rows>
  <cols>1</cols>
  <dt>f</dt>
  <data>
    6.57332420e-01 4.75024134e-01 5.59200764e-01 3.89436394e-01
    4.34958488e-01 4.62132722e-01 5.08592367e-01 6.73327148e-01
    4.15898174e-01 2.87969708e-01 2.73487926e-01 3.34672570e-01
    3.99187684e-01 4.47884470e-01 4.40659314e-01 4.56431657e-01
    4.82160747e-01 2.66887814e-01 2.92353779e-01 3.26168299e-01
    2.97256112e-01 2.54891396e-01 2.62282073e-01 9.66950357e-01
    1.23618484e+00</data></Per_View_Reprojection_Errors>
<!-- a set of 6-tuples (rotation vector + translation vector) for each view -->
<Extrinsic_Parameters type_id="opencv-matrix">
  <rows>25</rows>
  <cols>6</cols>
  <dt>d</dt>
  <data>
    -6.0123569466590957e-03 2.6856794241470913e-02
    2.2372458643793105e+00 1.8545831014612449e+02
    -5.4437634812175439e+01 1.4882664600096093e+03
    1.9102128003107597e-02 1.8676515558251455e-01 3.0525216403651521e+00
    1.6484814258112326e+02 1.1257729067188077e+02 1.4556072138898746e+03
    3.0109086283922053e-02 -2.1014333795215076e-01
    -3.0288748942297863e+00 1.3973911723231328e+02
    1.3899818843946338e+02 1.4516714633039928e+03 1.3709201357981291e-02
    -1.7293424180548739e-01 -2.5580345564394968e+00
    1.1250183085719664e+02 2.1252995475943158e+02 1.3847609052329926e+03
    -5.0519317105947620e-02 -1.0084623874235872e-01
    -2.9959134153748108e+00 1.7817842649653281e+02
    1.4478802638401172e+02 1.3832420724966757e+03 7.3982858819409136e-02
    1.3355600069235471e-01 3.0631561076467406e+00 2.0714909378646612e+02
    1.0698950840201576e+02 1.3760232056176997e+03 8.7824568761210697e-02
    1.7537546698513404e-01 2.9150548544725230e+00 2.2095596190724410e+02
    8.1141051599987748e+01 1.3726855848402708e+03 9.8671222537871570e-02
    1.3372474525172839e-01 2.7925360324513320e+00 2.3169890626236645e+02
    6.0838051152041814e+01 1.3775853888117647e+03 1.0629079271234868e-01
    4.4944938910584514e-02 2.6070320993378377e+00 2.4336115013439783e+02
    3.6640110473848530e+01 1.3791912114097472e+03
    -2.6813029481747519e-02 2.6198018797755154e-02
    2.3830924381672305e+00 2.0896345259227013e+02
    -4.6052612671551707e+01 1.3965550094611733e+03
    2.3915672324930238e-02 1.5446749478941860e-01 2.6687333847005856e+00
    2.0764036982640428e+02 -1.7954174312468293e+01
    1.3789626581064958e+03 1.0259997480741986e-01 9.1628130339130781e-02
    2.9023630243478911e+00 2.0620415647578966e+02 1.7489243203648659e+01
    1.3746948061566454e+03 1.6260110582517517e-01 1.3428157608567956e-01
    3.0794249744441733e+00 2.0920949646943831e+02 5.3740711666317580e+01
    1.3708792443015057e+03 -1.3468547128228209e-01
    -1.7376827310844314e-01 -2.9965148077370216e+00
    1.9424604218373139e+02 1.0380497294780001e+02 1.3661172754875251e+03
    -1.3306275945493853e-01 -1.5392183417398225e-01
    -2.9330275064796156e+00 1.8042210857927290e+02
    1.2093854225514337e+02 1.3661556192718499e+03
    -1.1068162309203244e-01 -1.5933373333066544e-01
    -2.8592062085361221e+00 1.6462288288019542e+02
    1.3570413712291139e+02 1.3677418043764028e+03
    -9.5548660189316625e-02 -1.6890279475179723e-01
    -2.8297878347274303e+00 1.5896222087171702e+02
    1.4047186017881609e+02 1.3686569673691552e+03
    -4.0256287000896153e-02 -1.3496903228481985e-01
    -2.8170695879755989e+00 1.4760938961749244e+02
    1.6982601897505296e+02 1.3674953318166965e+03
    -5.1769132923705927e-02 -8.8160599171455564e-02
    -2.8861919639896265e+00 1.5541951855567072e+02
    1.6933221227102970e+02 1.3677804283733303e+03
    -6.7983279493814067e-02 -1.4608032691331695e-02
    -2.9787693778382383e+00 1.6626206789663343e+02
    1.5831748507219456e+02 1.3716743028432054e+03
    -6.0140873021941835e-02 3.1156865036418232e-02
    -3.1275115505745519e+00 1.8381393006026943e+02
    1.3984873144685344e+02 1.3774067507309196e+03 5.4607757315602093e-02
    -4.4318848046556239e-02 3.0662973526455688e+00
    1.9283510198207043e+02 1.2128465038600193e+02 1.3832830761845428e+03
    3.1436530565970414e-02 -1.2587133163028277e-01
    2.7729995691653255e+00 2.2647705744150326e+02 7.8448088220539574e+01
    1.3857278740037898e+03 -2.2909473373293601e-02
    -1.2213916872965062e-01 1.5167413541663453e+00
    1.6725422716730054e+02 -1.5686393347497241e+02
    1.4411985894507986e+03 -5.7773021646477535e-03
    -1.1863050323422530e-01 1.5431916087715565e+00
    1.7423980140266826e+02 -1.9919356497482110e+02
    1.4566904419273103e+03</data></Extrinsic_Parameters>
